(kicad_pcb (version 20171130) (host pcbnew 5.0.2+dfsg1-1)

  (general
    (thickness 1.6)
    (drawings 8)
    (tracks 70)
    (zones 0)
    (modules 20)
    (nets 17)
  )

  (page A4)
  (layers
    (0 F.Cu signal)
    (31 B.Cu signal)
    (32 B.Adhes user)
    (33 F.Adhes user)
    (34 B.Paste user)
    (35 F.Paste user)
    (36 B.SilkS user)
    (37 F.SilkS user)
    (38 B.Mask user)
    (39 F.Mask user)
    (40 Dwgs.User user)
    (41 Cmts.User user)
    (42 Eco1.User user)
    (43 Eco2.User user)
    (44 Edge.Cuts user)
    (45 Margin user)
    (46 B.CrtYd user)
    (47 F.CrtYd user)
    (48 B.Fab user)
    (49 F.Fab user)
  )

  (setup
    (last_trace_width 0.25)
    (trace_clearance 0.2)
    (zone_clearance 0.508)
    (zone_45_only no)
    (trace_min 0.2)
    (segment_width 0.2)
    (edge_width 0.15)
    (via_size 0.8)
    (via_drill 0.4)
    (via_min_size 0.4)
    (via_min_drill 0.3)
    (uvia_size 0.3)
    (uvia_drill 0.1)
    (uvias_allowed no)
    (uvia_min_size 0.2)
    (uvia_min_drill 0.1)
    (pcb_text_width 0.3)
    (pcb_text_size 1.5 1.5)
    (mod_edge_width 0.15)
    (mod_text_size 1 1)
    (mod_text_width 0.15)
    (pad_size 1.524 1.524)
    (pad_drill 0.762)
    (pad_to_mask_clearance 0.051)
    (solder_mask_min_width 0.25)
    (aux_axis_origin 0 0)
    (visible_elements FFFFFF7F)
    (pcbplotparams
      (layerselection 0x010fc_ffffffff)
      (usegerberextensions false)
      (usegerberattributes false)
      (usegerberadvancedattributes false)
      (creategerberjobfile false)
      (excludeedgelayer true)
      (linewidth 0.100000)
      (plotframeref false)
      (viasonmask false)
      (mode 1)
      (useauxorigin false)
      (hpglpennumber 1)
      (hpglpenspeed 20)
      (hpglpendiameter 15.000000)
      (psnegative false)
      (psa4output false)
      (plotreference true)
      (plotvalue true)
      (plotinvisibletext false)
      (padsonsilk false)
      (subtractmaskfromsilk false)
      (outputformat 1)
      (mirror false)
      (drillshape 0)
      (scaleselection 1)
      (outputdirectory "7led"))
  )

  (net 0 "")
  (net 1 "Net-(D1-Pad1)")
  (net 2 "Net-(D2-Pad1)")
  (net 3 "Net-(D3-Pad1)")
  (net 4 "Net-(D4-Pad1)")
  (net 5 "Net-(D5-Pad1)")
  (net 6 "Net-(D6-Pad1)")
  (net 7 "Net-(J1-Pad2)")
  (net 8 "Net-(J1-Pad3)")
  (net 9 "Net-(J1-Pad4)")
  (net 10 "Net-(J1-Pad5)")
  (net 11 "Net-(J1-Pad6)")
  (net 12 "Net-(J1-Pad7)")
  (net 13 VCC)
  (net 14 GND)
  (net 15 "Net-(D7-Pad1)")
  (net 16 "Net-(J1-Pad1)")

  (net_class Default "This is the default net class."
    (clearance 0.2)
    (trace_width 0.25)
    (via_dia 0.8)
    (via_drill 0.4)
    (uvia_dia 0.3)
    (uvia_drill 0.1)
  )

  (net_class all ""
    (clearance 0.2)
    (trace_width 1)
    (via_dia 0.8)
    (via_drill 0.4)
    (uvia_dia 0.3)
    (uvia_drill 0.1)
    (add_net GND)
    (add_net "Net-(D1-Pad1)")
    (add_net "Net-(D2-Pad1)")
    (add_net "Net-(D3-Pad1)")
    (add_net "Net-(D4-Pad1)")
    (add_net "Net-(D5-Pad1)")
    (add_net "Net-(D6-Pad1)")
    (add_net "Net-(D7-Pad1)")
    (add_net "Net-(J1-Pad1)")
    (add_net "Net-(J1-Pad2)")
    (add_net "Net-(J1-Pad3)")
    (add_net "Net-(J1-Pad4)")
    (add_net "Net-(J1-Pad5)")
    (add_net "Net-(J1-Pad6)")
    (add_net "Net-(J1-Pad7)")
    (add_net VCC)
  )

  (module LED_SMD:LED_1W_3W_R8 (layer F.Cu) (tedit 5F64F006) (tstamp 5F62EBFF)
    (at 135.5725 57.023 205.8)
    (descr https://www.gme.cz/data/attachments/dsh.518-234.1.pdf)
    (tags "LED 1W 3W 5W")
    (path /5F565255)
    (attr smd)
    (fp_text reference D1 (at -0.582784 -5.35993 205.8) (layer F.SilkS)
      (effects (font (size 1 1) (thickness 0.15)))
    )
    (fp_text value LED (at 0 5.08 205.8) (layer F.Fab) hide
      (effects (font (size 1 1) (thickness 0.15)))
    )
    (fp_text user %R (at 0 -2.54 205.8) (layer F.Fab) hide
      (effects (font (size 1 1) (thickness 0.15)))
    )
    (fp_line (start -2.54 0) (end -1.27 0) (layer F.Fab) (width 0.1))
    (fp_line (start -1.27 -1.27) (end -1.27 1.27) (layer F.Fab) (width 0.1))
    (fp_line (start 1.27 0) (end 2.54 0) (layer F.Fab) (width 0.1))
    (fp_line (start 1.27 1.27) (end 1.27 0) (layer F.Fab) (width 0.1))
    (fp_line (start -1.27 0) (end 1.27 1.27) (layer F.Fab) (width 0.1))
    (fp_line (start 1.27 -1.27) (end 1.27 1.27) (layer F.Fab) (width 0.1))
    (fp_line (start -1.27 0) (end 1.27 -1.27) (layer F.Fab) (width 0.1))
    (fp_arc (start 0 0) (end 4.59 0.45) (angle 131.3332206) (layer F.CrtYd) (width 0.05))
    (fp_arc (start 0 0) (end -4.59 -0.45) (angle 131.3332206) (layer F.CrtYd) (width 0.05))
    (fp_line (start 8.55 0.45) (end 4.59 0.45) (layer F.CrtYd) (width 0.05))
    (fp_line (start 8.55 -3.15) (end 8.55 0.45) (layer F.CrtYd) (width 0.05))
    (fp_line (start 3.37 -3.15) (end 8.55 -3.15) (layer F.CrtYd) (width 0.05))
    (fp_line (start -8.55 3.15) (end -3.37 3.15) (layer F.CrtYd) (width 0.05))
    (fp_line (start -8.55 -0.45) (end -8.55 3.15) (layer F.CrtYd) (width 0.05))
    (fp_line (start -4.59 -0.45) (end -8.55 -0.45) (layer F.CrtYd) (width 0.05))
    (fp_line (start -8.255 2.794) (end -3.429 2.794) (layer F.SilkS) (width 0.12))
    (fp_line (start -8.255 -0.127) (end -8.255 2.794) (layer F.SilkS) (width 0.12))
    (fp_line (start -4.445 -0.127) (end -8.255 -0.127) (layer F.SilkS) (width 0.12))
    (fp_circle (center 0 0) (end -4.3 0) (layer F.SilkS) (width 0.12))
    (fp_line (start 4.318 1.016) (end 5.334 1.016) (layer F.Fab) (width 0.1))
    (fp_line (start -5.334 -1.016) (end -4.318 -1.016) (layer F.Fab) (width 0.1))
    (fp_line (start 4.826 1.524) (end 4.826 0.508) (layer F.Fab) (width 0.1))
    (fp_circle (center 0 0) (end 4.025 0) (layer F.Fab) (width 0.1))
    (pad 2 smd rect (at 6.35 -1.35 205.8) (size 3.5 2.7) (layers F.Cu F.Paste F.Mask)
      (net 13 VCC))
    (pad 1 smd rect (at -6.35 1.35 205.8) (size 3.5 2.7) (layers F.Cu F.Paste F.Mask)
      (net 1 "Net-(D1-Pad1)"))
    (pad 3 smd circle (at 0 0 205.8) (size 5.7 5.7) (layers F.Cu F.Paste F.Mask))
    (model ${KISYS3DMOD}/LED_SMD.3dshapes/LED_1W_3W_R8.wrl
      (at (xyz 0 0 0))
      (scale (xyz 1 1 1))
      (rotate (xyz 0 0 0))
    )
  )

  (module LED_SMD:LED_1W_3W_R8 (layer F.Cu) (tedit 5F64F003) (tstamp 5F62EC1E)
    (at 129.032 49.8475 257.2)
    (descr https://www.gme.cz/data/attachments/dsh.518-234.1.pdf)
    (tags "LED 1W 3W 5W")
    (path /5F5652F0)
    (attr smd)
    (fp_text reference D2 (at -0.309183 -5.66016 257.2) (layer F.SilkS)
      (effects (font (size 1 1) (thickness 0.15)))
    )
    (fp_text value LED (at 0 5.08 257.2) (layer F.Fab) hide
      (effects (font (size 1 1) (thickness 0.15)))
    )
    (fp_circle (center 0 0) (end 4.025 0) (layer F.Fab) (width 0.1))
    (fp_line (start 4.826 1.524) (end 4.826 0.508) (layer F.Fab) (width 0.1))
    (fp_line (start -5.334 -1.016) (end -4.318 -1.016) (layer F.Fab) (width 0.1))
    (fp_line (start 4.318 1.016) (end 5.334 1.016) (layer F.Fab) (width 0.1))
    (fp_circle (center 0 0) (end -4.3 0) (layer F.SilkS) (width 0.12))
    (fp_line (start -4.445 -0.127) (end -8.255 -0.127) (layer F.SilkS) (width 0.12))
    (fp_line (start -8.255 -0.127) (end -8.255 2.794) (layer F.SilkS) (width 0.12))
    (fp_line (start -8.255 2.794) (end -3.429 2.794) (layer F.SilkS) (width 0.12))
    (fp_line (start -4.59 -0.45) (end -8.55 -0.45) (layer F.CrtYd) (width 0.05))
    (fp_line (start -8.55 -0.45) (end -8.55 3.15) (layer F.CrtYd) (width 0.05))
    (fp_line (start -8.55 3.15) (end -3.37 3.15) (layer F.CrtYd) (width 0.05))
    (fp_line (start 3.37 -3.15) (end 8.55 -3.15) (layer F.CrtYd) (width 0.05))
    (fp_line (start 8.55 -3.15) (end 8.55 0.45) (layer F.CrtYd) (width 0.05))
    (fp_line (start 8.55 0.45) (end 4.59 0.45) (layer F.CrtYd) (width 0.05))
    (fp_arc (start 0 0) (end -4.59 -0.45) (angle 131.3332206) (layer F.CrtYd) (width 0.05))
    (fp_arc (start 0 0) (end 4.59 0.45) (angle 131.3332206) (layer F.CrtYd) (width 0.05))
    (fp_line (start -1.27 0) (end 1.27 -1.27) (layer F.Fab) (width 0.1))
    (fp_line (start 1.27 -1.27) (end 1.27 1.27) (layer F.Fab) (width 0.1))
    (fp_line (start -1.27 0) (end 1.27 1.27) (layer F.Fab) (width 0.1))
    (fp_line (start 1.27 1.27) (end 1.27 0) (layer F.Fab) (width 0.1))
    (fp_line (start 1.27 0) (end 2.54 0) (layer F.Fab) (width 0.1))
    (fp_line (start -1.27 -1.27) (end -1.27 1.27) (layer F.Fab) (width 0.1))
    (fp_line (start -2.54 0) (end -1.27 0) (layer F.Fab) (width 0.1))
    (fp_text user %R (at 0 -2.54 257.2) (layer F.Fab) hide
      (effects (font (size 1 1) (thickness 0.15)))
    )
    (pad 3 smd circle (at 0 0 257.2) (size 5.7 5.7) (layers F.Cu F.Paste F.Mask))
    (pad 1 smd rect (at -6.35 1.35 257.2) (size 3.5 2.7) (layers F.Cu F.Paste F.Mask)
      (net 2 "Net-(D2-Pad1)"))
    (pad 2 smd rect (at 6.35 -1.35 257.2) (size 3.5 2.7) (layers F.Cu F.Paste F.Mask)
      (net 13 VCC))
    (model ${KISYS3DMOD}/LED_SMD.3dshapes/LED_1W_3W_R8.wrl
      (at (xyz 0 0 0))
      (scale (xyz 1 1 1))
      (rotate (xyz 0 0 0))
    )
  )

  (module LED_SMD:LED_1W_3W_R8 (layer F.Cu) (tedit 5F64EFFF) (tstamp 5F62EC3D)
    (at 119.4435 50.419 308.6)
    (descr https://www.gme.cz/data/attachments/dsh.518-234.1.pdf)
    (tags "LED 1W 3W 5W")
    (path /5F56532A)
    (attr smd)
    (fp_text reference D3 (at 0.053695 -5.563515 308.6) (layer F.SilkS)
      (effects (font (size 1 1) (thickness 0.15)))
    )
    (fp_text value LED (at 0 5.08 308.6) (layer F.Fab) hide
      (effects (font (size 1 1) (thickness 0.15)))
    )
    (fp_text user %R (at 0 -2.54 308.6) (layer F.Fab) hide
      (effects (font (size 1 1) (thickness 0.15)))
    )
    (fp_line (start -2.54 0) (end -1.27 0) (layer F.Fab) (width 0.1))
    (fp_line (start -1.27 -1.27) (end -1.27 1.27) (layer F.Fab) (width 0.1))
    (fp_line (start 1.27 0) (end 2.54 0) (layer F.Fab) (width 0.1))
    (fp_line (start 1.27 1.27) (end 1.27 0) (layer F.Fab) (width 0.1))
    (fp_line (start -1.27 0) (end 1.27 1.27) (layer F.Fab) (width 0.1))
    (fp_line (start 1.27 -1.27) (end 1.27 1.27) (layer F.Fab) (width 0.1))
    (fp_line (start -1.27 0) (end 1.27 -1.27) (layer F.Fab) (width 0.1))
    (fp_arc (start 0 0) (end 4.59 0.45) (angle 131.3332206) (layer F.CrtYd) (width 0.05))
    (fp_arc (start 0 0) (end -4.59 -0.45) (angle 131.3332206) (layer F.CrtYd) (width 0.05))
    (fp_line (start 8.55 0.45) (end 4.59 0.45) (layer F.CrtYd) (width 0.05))
    (fp_line (start 8.55 -3.15) (end 8.55 0.45) (layer F.CrtYd) (width 0.05))
    (fp_line (start 3.37 -3.15) (end 8.55 -3.15) (layer F.CrtYd) (width 0.05))
    (fp_line (start -8.55 3.15) (end -3.37 3.15) (layer F.CrtYd) (width 0.05))
    (fp_line (start -8.55 -0.45) (end -8.55 3.15) (layer F.CrtYd) (width 0.05))
    (fp_line (start -4.59 -0.45) (end -8.55 -0.45) (layer F.CrtYd) (width 0.05))
    (fp_line (start -8.255 2.794) (end -3.429 2.794) (layer F.SilkS) (width 0.12))
    (fp_line (start -8.255 -0.127) (end -8.255 2.794) (layer F.SilkS) (width 0.12))
    (fp_line (start -4.445 -0.127) (end -8.255 -0.127) (layer F.SilkS) (width 0.12))
    (fp_circle (center 0 0) (end -4.3 0) (layer F.SilkS) (width 0.12))
    (fp_line (start 4.318 1.016) (end 5.334 1.016) (layer F.Fab) (width 0.1))
    (fp_line (start -5.334 -1.016) (end -4.318 -1.016) (layer F.Fab) (width 0.1))
    (fp_line (start 4.826 1.524) (end 4.826 0.508) (layer F.Fab) (width 0.1))
    (fp_circle (center 0 0) (end 4.025 0) (layer F.Fab) (width 0.1))
    (pad 2 smd rect (at 6.35 -1.35 308.6) (size 3.5 2.7) (layers F.Cu F.Paste F.Mask)
      (net 13 VCC))
    (pad 1 smd rect (at -6.35 1.35 308.6) (size 3.5 2.7) (layers F.Cu F.Paste F.Mask)
      (net 3 "Net-(D3-Pad1)"))
    (pad 3 smd circle (at 0 0 308.6) (size 5.7 5.7) (layers F.Cu F.Paste F.Mask))
    (model ${KISYS3DMOD}/LED_SMD.3dshapes/LED_1W_3W_R8.wrl
      (at (xyz 0 0 0))
      (scale (xyz 1 1 1))
      (rotate (xyz 0 0 0))
    )
  )

  (module LED_SMD:LED_1W_3W_R8 (layer F.Cu) (tedit 5F64EFFB) (tstamp 5F62EC5C)
    (at 114.1095 58.547)
    (descr https://www.gme.cz/data/attachments/dsh.518-234.1.pdf)
    (tags "LED 1W 3W 5W")
    (path /5F56534E)
    (attr smd)
    (fp_text reference D4 (at -6.7945 -1.397) (layer F.SilkS)
      (effects (font (size 1 1) (thickness 0.15)))
    )
    (fp_text value LED (at 0 5.08) (layer F.Fab) hide
      (effects (font (size 1 1) (thickness 0.15)))
    )
    (fp_circle (center 0 0) (end 4.025 0) (layer F.Fab) (width 0.1))
    (fp_line (start 4.826 1.524) (end 4.826 0.508) (layer F.Fab) (width 0.1))
    (fp_line (start -5.334 -1.016) (end -4.318 -1.016) (layer F.Fab) (width 0.1))
    (fp_line (start 4.318 1.016) (end 5.334 1.016) (layer F.Fab) (width 0.1))
    (fp_circle (center 0 0) (end -4.3 0) (layer F.SilkS) (width 0.12))
    (fp_line (start -4.445 -0.127) (end -8.255 -0.127) (layer F.SilkS) (width 0.12))
    (fp_line (start -8.255 -0.127) (end -8.255 2.794) (layer F.SilkS) (width 0.12))
    (fp_line (start -8.255 2.794) (end -3.429 2.794) (layer F.SilkS) (width 0.12))
    (fp_line (start -4.59 -0.45) (end -8.55 -0.45) (layer F.CrtYd) (width 0.05))
    (fp_line (start -8.55 -0.45) (end -8.55 3.15) (layer F.CrtYd) (width 0.05))
    (fp_line (start -8.55 3.15) (end -3.37 3.15) (layer F.CrtYd) (width 0.05))
    (fp_line (start 3.37 -3.15) (end 8.55 -3.15) (layer F.CrtYd) (width 0.05))
    (fp_line (start 8.55 -3.15) (end 8.55 0.45) (layer F.CrtYd) (width 0.05))
    (fp_line (start 8.55 0.45) (end 4.59 0.45) (layer F.CrtYd) (width 0.05))
    (fp_arc (start 0 0) (end -4.59 -0.45) (angle 131.3332206) (layer F.CrtYd) (width 0.05))
    (fp_arc (start 0 0) (end 4.59 0.45) (angle 131.3332206) (layer F.CrtYd) (width 0.05))
    (fp_line (start -1.27 0) (end 1.27 -1.27) (layer F.Fab) (width 0.1))
    (fp_line (start 1.27 -1.27) (end 1.27 1.27) (layer F.Fab) (width 0.1))
    (fp_line (start -1.27 0) (end 1.27 1.27) (layer F.Fab) (width 0.1))
    (fp_line (start 1.27 1.27) (end 1.27 0) (layer F.Fab) (width 0.1))
    (fp_line (start 1.27 0) (end 2.54 0) (layer F.Fab) (width 0.1))
    (fp_line (start -1.27 -1.27) (end -1.27 1.27) (layer F.Fab) (width 0.1))
    (fp_line (start -2.54 0) (end -1.27 0) (layer F.Fab) (width 0.1))
    (fp_text user %R (at 0 -2.54) (layer F.Fab) hide
      (effects (font (size 1 1) (thickness 0.15)))
    )
    (pad 3 smd circle (at 0 0) (size 5.7 5.7) (layers F.Cu F.Paste F.Mask))
    (pad 1 smd rect (at -6.35 1.35) (size 3.5 2.7) (layers F.Cu F.Paste F.Mask)
      (net 4 "Net-(D4-Pad1)"))
    (pad 2 smd rect (at 6.35 -1.35) (size 3.5 2.7) (layers F.Cu F.Paste F.Mask)
      (net 13 VCC))
    (model ${KISYS3DMOD}/LED_SMD.3dshapes/LED_1W_3W_R8.wrl
      (at (xyz 0 0 0))
      (scale (xyz 1 1 1))
      (rotate (xyz 0 0 0))
    )
  )

  (module LED_SMD:LED_1W_3W_R8 (layer F.Cu) (tedit 5F64EFF7) (tstamp 5F62EC7B)
    (at 116.84 67.691 51.4)
    (descr https://www.gme.cz/data/attachments/dsh.518-234.1.pdf)
    (tags "LED 1W 3W 5W")
    (path /5F565370)
    (attr smd)
    (fp_text reference D5 (at -4.664896 3.723937 51.4) (layer F.SilkS)
      (effects (font (size 1 1) (thickness 0.15)))
    )
    (fp_text value LED (at 0 5.08 51.4) (layer F.Fab) hide
      (effects (font (size 1 1) (thickness 0.15)))
    )
    (fp_text user %R (at 0 -2.54 51.4) (layer F.Fab) hide
      (effects (font (size 1 1) (thickness 0.15)))
    )
    (fp_line (start -2.54 0) (end -1.27 0) (layer F.Fab) (width 0.1))
    (fp_line (start -1.27 -1.27) (end -1.27 1.27) (layer F.Fab) (width 0.1))
    (fp_line (start 1.27 0) (end 2.54 0) (layer F.Fab) (width 0.1))
    (fp_line (start 1.27 1.27) (end 1.27 0) (layer F.Fab) (width 0.1))
    (fp_line (start -1.27 0) (end 1.27 1.27) (layer F.Fab) (width 0.1))
    (fp_line (start 1.27 -1.27) (end 1.27 1.27) (layer F.Fab) (width 0.1))
    (fp_line (start -1.27 0) (end 1.27 -1.27) (layer F.Fab) (width 0.1))
    (fp_arc (start 0 0) (end 4.59 0.45) (angle 131.3332206) (layer F.CrtYd) (width 0.05))
    (fp_arc (start 0 0) (end -4.59 -0.45) (angle 131.3332206) (layer F.CrtYd) (width 0.05))
    (fp_line (start 8.55 0.45) (end 4.59 0.45) (layer F.CrtYd) (width 0.05))
    (fp_line (start 8.55 -3.15) (end 8.55 0.45) (layer F.CrtYd) (width 0.05))
    (fp_line (start 3.37 -3.15) (end 8.55 -3.15) (layer F.CrtYd) (width 0.05))
    (fp_line (start -8.55 3.15) (end -3.37 3.15) (layer F.CrtYd) (width 0.05))
    (fp_line (start -8.55 -0.45) (end -8.55 3.15) (layer F.CrtYd) (width 0.05))
    (fp_line (start -4.59 -0.45) (end -8.55 -0.45) (layer F.CrtYd) (width 0.05))
    (fp_line (start -8.255 2.794) (end -3.429 2.794) (layer F.SilkS) (width 0.12))
    (fp_line (start -8.255 -0.127) (end -8.255 2.794) (layer F.SilkS) (width 0.12))
    (fp_line (start -4.445 -0.127) (end -8.255 -0.127) (layer F.SilkS) (width 0.12))
    (fp_circle (center 0 0) (end -4.3 0) (layer F.SilkS) (width 0.12))
    (fp_line (start 4.318 1.016) (end 5.334 1.016) (layer F.Fab) (width 0.1))
    (fp_line (start -5.334 -1.016) (end -4.318 -1.016) (layer F.Fab) (width 0.1))
    (fp_line (start 4.826 1.524) (end 4.826 0.508) (layer F.Fab) (width 0.1))
    (fp_circle (center 0 0) (end 4.025 0) (layer F.Fab) (width 0.1))
    (pad 2 smd rect (at 6.35 -1.35 51.4) (size 3.5 2.7) (layers F.Cu F.Paste F.Mask)
      (net 13 VCC))
    (pad 1 smd rect (at -6.35 1.35 51.4) (size 3.5 2.7) (layers F.Cu F.Paste F.Mask)
      (net 5 "Net-(D5-Pad1)"))
    (pad 3 smd circle (at 0 0 51.4) (size 5.7 5.7) (layers F.Cu F.Paste F.Mask))
    (model ${KISYS3DMOD}/LED_SMD.3dshapes/LED_1W_3W_R8.wrl
      (at (xyz 0 0 0))
      (scale (xyz 1 1 1))
      (rotate (xyz 0 0 0))
    )
  )

  (module LED_SMD:LED_1W_3W_R8 (layer F.Cu) (tedit 5F64F00F) (tstamp 5F62EC9A)
    (at 125.7935 71.247 102.8)
    (descr https://www.gme.cz/data/attachments/dsh.518-234.1.pdf)
    (tags "LED 1W 3W 5W")
    (path /5F56539C)
    (attr smd)
    (fp_text reference D6 (at -1.213501 -5.550277 102.8) (layer F.SilkS)
      (effects (font (size 1 1) (thickness 0.15)))
    )
    (fp_text value LED (at 0 5.08 102.8) (layer F.Fab) hide
      (effects (font (size 1 1) (thickness 0.15)))
    )
    (fp_circle (center 0 0) (end 4.025 0) (layer F.Fab) (width 0.1))
    (fp_line (start 4.826 1.524) (end 4.826 0.508) (layer F.Fab) (width 0.1))
    (fp_line (start -5.334 -1.016) (end -4.318 -1.016) (layer F.Fab) (width 0.1))
    (fp_line (start 4.318 1.016) (end 5.334 1.016) (layer F.Fab) (width 0.1))
    (fp_circle (center 0 0) (end -4.3 0) (layer F.SilkS) (width 0.12))
    (fp_line (start -4.445 -0.127) (end -8.255 -0.127) (layer F.SilkS) (width 0.12))
    (fp_line (start -8.255 -0.127) (end -8.255 2.794) (layer F.SilkS) (width 0.12))
    (fp_line (start -8.255 2.794) (end -3.429 2.794) (layer F.SilkS) (width 0.12))
    (fp_line (start -4.59 -0.45) (end -8.55 -0.45) (layer F.CrtYd) (width 0.05))
    (fp_line (start -8.55 -0.45) (end -8.55 3.15) (layer F.CrtYd) (width 0.05))
    (fp_line (start -8.55 3.15) (end -3.37 3.15) (layer F.CrtYd) (width 0.05))
    (fp_line (start 3.37 -3.15) (end 8.55 -3.15) (layer F.CrtYd) (width 0.05))
    (fp_line (start 8.55 -3.15) (end 8.55 0.45) (layer F.CrtYd) (width 0.05))
    (fp_line (start 8.55 0.45) (end 4.59 0.45) (layer F.CrtYd) (width 0.05))
    (fp_arc (start 0 0) (end -4.59 -0.45) (angle 131.3332206) (layer F.CrtYd) (width 0.05))
    (fp_arc (start 0 0) (end 4.59 0.45) (angle 131.3332206) (layer F.CrtYd) (width 0.05))
    (fp_line (start -1.27 0) (end 1.27 -1.27) (layer F.Fab) (width 0.1))
    (fp_line (start 1.27 -1.27) (end 1.27 1.27) (layer F.Fab) (width 0.1))
    (fp_line (start -1.27 0) (end 1.27 1.27) (layer F.Fab) (width 0.1))
    (fp_line (start 1.27 1.27) (end 1.27 0) (layer F.Fab) (width 0.1))
    (fp_line (start 1.27 0) (end 2.54 0) (layer F.Fab) (width 0.1))
    (fp_line (start -1.27 -1.27) (end -1.27 1.27) (layer F.Fab) (width 0.1))
    (fp_line (start -2.54 0) (end -1.27 0) (layer F.Fab) (width 0.1))
    (fp_text user %R (at 0 -2.54 102.8) (layer F.Fab) hide
      (effects (font (size 1 1) (thickness 0.15)))
    )
    (pad 3 smd circle (at 0 0 102.8) (size 5.7 5.7) (layers F.Cu F.Paste F.Mask))
    (pad 1 smd rect (at -6.35 1.35 102.8) (size 3.5 2.7) (layers F.Cu F.Paste F.Mask)
      (net 6 "Net-(D6-Pad1)"))
    (pad 2 smd rect (at 6.35 -1.35 102.8) (size 3.5 2.7) (layers F.Cu F.Paste F.Mask)
      (net 13 VCC))
    (model ${KISYS3DMOD}/LED_SMD.3dshapes/LED_1W_3W_R8.wrl
      (at (xyz 0 0 0))
      (scale (xyz 1 1 1))
      (rotate (xyz 0 0 0))
    )
  )

  (module Connector_PinHeader_2.54mm:PinHeader_1x08_P2.54mm_Vertical (layer F.Cu) (tedit 59FED5CC) (tstamp 5F62ECB6)
    (at 97.282 70.3072 180)
    (descr "Through hole straight pin header, 1x08, 2.54mm pitch, single row")
    (tags "Through hole pin header THT 1x08 2.54mm single row")
    (path /5F565A17)
    (fp_text reference J1 (at 0 -2.33 180) (layer F.SilkS)
      (effects (font (size 1 1) (thickness 0.15)))
    )
    (fp_text value uln (at 0 20.11 180) (layer F.Fab)
      (effects (font (size 1 1) (thickness 0.15)))
    )
    (fp_line (start -0.635 -1.27) (end 1.27 -1.27) (layer F.Fab) (width 0.1))
    (fp_line (start 1.27 -1.27) (end 1.27 19.05) (layer F.Fab) (width 0.1))
    (fp_line (start 1.27 19.05) (end -1.27 19.05) (layer F.Fab) (width 0.1))
    (fp_line (start -1.27 19.05) (end -1.27 -0.635) (layer F.Fab) (width 0.1))
    (fp_line (start -1.27 -0.635) (end -0.635 -1.27) (layer F.Fab) (width 0.1))
    (fp_line (start -1.33 19.11) (end 1.33 19.11) (layer F.SilkS) (width 0.12))
    (fp_line (start -1.33 1.27) (end -1.33 19.11) (layer F.SilkS) (width 0.12))
    (fp_line (start 1.33 1.27) (end 1.33 19.11) (layer F.SilkS) (width 0.12))
    (fp_line (start -1.33 1.27) (end 1.33 1.27) (layer F.SilkS) (width 0.12))
    (fp_line (start -1.33 0) (end -1.33 -1.33) (layer F.SilkS) (width 0.12))
    (fp_line (start -1.33 -1.33) (end 0 -1.33) (layer F.SilkS) (width 0.12))
    (fp_line (start -1.8 -1.8) (end -1.8 19.55) (layer F.CrtYd) (width 0.05))
    (fp_line (start -1.8 19.55) (end 1.8 19.55) (layer F.CrtYd) (width 0.05))
    (fp_line (start 1.8 19.55) (end 1.8 -1.8) (layer F.CrtYd) (width 0.05))
    (fp_line (start 1.8 -1.8) (end -1.8 -1.8) (layer F.CrtYd) (width 0.05))
    (fp_text user %R (at 0 8.89 270) (layer F.Fab)
      (effects (font (size 1 1) (thickness 0.15)))
    )
    (pad 1 thru_hole rect (at 0 0 180) (size 1.7 1.7) (drill 1) (layers *.Cu *.Mask)
      (net 16 "Net-(J1-Pad1)"))
    (pad 2 thru_hole oval (at 0 2.54 180) (size 1.7 1.7) (drill 1) (layers *.Cu *.Mask)
      (net 7 "Net-(J1-Pad2)"))
    (pad 3 thru_hole oval (at 0 5.08 180) (size 1.7 1.7) (drill 1) (layers *.Cu *.Mask)
      (net 8 "Net-(J1-Pad3)"))
    (pad 4 thru_hole oval (at 0 7.62 180) (size 1.7 1.7) (drill 1) (layers *.Cu *.Mask)
      (net 9 "Net-(J1-Pad4)"))
    (pad 5 thru_hole oval (at 0 10.16 180) (size 1.7 1.7) (drill 1) (layers *.Cu *.Mask)
      (net 10 "Net-(J1-Pad5)"))
    (pad 6 thru_hole oval (at 0 12.7 180) (size 1.7 1.7) (drill 1) (layers *.Cu *.Mask)
      (net 11 "Net-(J1-Pad6)"))
    (pad 7 thru_hole oval (at 0 15.24 180) (size 1.7 1.7) (drill 1) (layers *.Cu *.Mask)
      (net 12 "Net-(J1-Pad7)"))
    (pad 8 thru_hole oval (at 0 17.78 180) (size 1.7 1.7) (drill 1) (layers *.Cu *.Mask)
      (net 13 VCC))
    (model ${KISYS3DMOD}/Connector_PinHeader_2.54mm.3dshapes/PinHeader_1x08_P2.54mm_Vertical.wrl
      (at (xyz 0 0 0))
      (scale (xyz 1 1 1))
      (rotate (xyz 0 0 0))
    )
  )

  (module Resistor_THT:R_Axial_DIN0207_L6.3mm_D2.5mm_P7.62mm_Horizontal (layer F.Cu) (tedit 5F64F088) (tstamp 5F62ECCD)
    (at 109.22 45.085 180)
    (descr "Resistor, Axial_DIN0207 series, Axial, Horizontal, pin pitch=7.62mm, 0.25W = 1/4W, length*diameter=6.3*2.5mm^2, http://cdn-reichelt.de/documents/datenblatt/B400/1_4W%23YAG.pdf")
    (tags "Resistor Axial_DIN0207 series Axial Horizontal pin pitch 7.62mm 0.25W = 1/4W length 6.3mm diameter 2.5mm")
    (path /5F5653F1)
    (fp_text reference R1 (at 3.81 0 180) (layer F.SilkS)
      (effects (font (size 1 1) (thickness 0.15)))
    )
    (fp_text value R (at 3.81 2.37 180) (layer F.Fab) hide
      (effects (font (size 1 1) (thickness 0.15)))
    )
    (fp_line (start 0.66 -1.25) (end 0.66 1.25) (layer F.Fab) (width 0.1))
    (fp_line (start 0.66 1.25) (end 6.96 1.25) (layer F.Fab) (width 0.1))
    (fp_line (start 6.96 1.25) (end 6.96 -1.25) (layer F.Fab) (width 0.1))
    (fp_line (start 6.96 -1.25) (end 0.66 -1.25) (layer F.Fab) (width 0.1))
    (fp_line (start 0 0) (end 0.66 0) (layer F.Fab) (width 0.1))
    (fp_line (start 7.62 0) (end 6.96 0) (layer F.Fab) (width 0.1))
    (fp_line (start 0.54 -1.04) (end 0.54 -1.37) (layer F.SilkS) (width 0.12))
    (fp_line (start 0.54 -1.37) (end 7.08 -1.37) (layer F.SilkS) (width 0.12))
    (fp_line (start 7.08 -1.37) (end 7.08 -1.04) (layer F.SilkS) (width 0.12))
    (fp_line (start 0.54 1.04) (end 0.54 1.37) (layer F.SilkS) (width 0.12))
    (fp_line (start 0.54 1.37) (end 7.08 1.37) (layer F.SilkS) (width 0.12))
    (fp_line (start 7.08 1.37) (end 7.08 1.04) (layer F.SilkS) (width 0.12))
    (fp_line (start -1.05 -1.5) (end -1.05 1.5) (layer F.CrtYd) (width 0.05))
    (fp_line (start -1.05 1.5) (end 8.67 1.5) (layer F.CrtYd) (width 0.05))
    (fp_line (start 8.67 1.5) (end 8.67 -1.5) (layer F.CrtYd) (width 0.05))
    (fp_line (start 8.67 -1.5) (end -1.05 -1.5) (layer F.CrtYd) (width 0.05))
    (fp_text user %R (at 3.81 0 180) (layer F.Fab) hide
      (effects (font (size 1 1) (thickness 0.15)))
    )
    (pad 1 thru_hole circle (at 0 0 180) (size 1.6 1.6) (drill 0.8) (layers *.Cu *.Mask)
      (net 1 "Net-(D1-Pad1)"))
    (pad 2 thru_hole oval (at 7.62 0 180) (size 1.6 1.6) (drill 0.8) (layers *.Cu *.Mask)
      (net 12 "Net-(J1-Pad7)"))
    (model ${KISYS3DMOD}/Resistor_THT.3dshapes/R_Axial_DIN0207_L6.3mm_D2.5mm_P7.62mm_Horizontal.wrl
      (at (xyz 0 0 0))
      (scale (xyz 1 1 1))
      (rotate (xyz 0 0 0))
    )
  )

  (module Resistor_THT:R_Axial_DIN0207_L6.3mm_D2.5mm_P7.62mm_Horizontal (layer F.Cu) (tedit 5F64F09E) (tstamp 5F62ECE4)
    (at 109.22 50.165 180)
    (descr "Resistor, Axial_DIN0207 series, Axial, Horizontal, pin pitch=7.62mm, 0.25W = 1/4W, length*diameter=6.3*2.5mm^2, http://cdn-reichelt.de/documents/datenblatt/B400/1_4W%23YAG.pdf")
    (tags "Resistor Axial_DIN0207 series Axial Horizontal pin pitch 7.62mm 0.25W = 1/4W length 6.3mm diameter 2.5mm")
    (path /5F56542D)
    (fp_text reference R2 (at 3.81 0 180) (layer F.SilkS)
      (effects (font (size 1 1) (thickness 0.15)))
    )
    (fp_text value R (at 3.81 2.37 180) (layer F.Fab) hide
      (effects (font (size 1 1) (thickness 0.15)))
    )
    (fp_text user %R (at 3.81 0 180) (layer F.Fab) hide
      (effects (font (size 1 1) (thickness 0.15)))
    )
    (fp_line (start 8.67 -1.5) (end -1.05 -1.5) (layer F.CrtYd) (width 0.05))
    (fp_line (start 8.67 1.5) (end 8.67 -1.5) (layer F.CrtYd) (width 0.05))
    (fp_line (start -1.05 1.5) (end 8.67 1.5) (layer F.CrtYd) (width 0.05))
    (fp_line (start -1.05 -1.5) (end -1.05 1.5) (layer F.CrtYd) (width 0.05))
    (fp_line (start 7.08 1.37) (end 7.08 1.04) (layer F.SilkS) (width 0.12))
    (fp_line (start 0.54 1.37) (end 7.08 1.37) (layer F.SilkS) (width 0.12))
    (fp_line (start 0.54 1.04) (end 0.54 1.37) (layer F.SilkS) (width 0.12))
    (fp_line (start 7.08 -1.37) (end 7.08 -1.04) (layer F.SilkS) (width 0.12))
    (fp_line (start 0.54 -1.37) (end 7.08 -1.37) (layer F.SilkS) (width 0.12))
    (fp_line (start 0.54 -1.04) (end 0.54 -1.37) (layer F.SilkS) (width 0.12))
    (fp_line (start 7.62 0) (end 6.96 0) (layer F.Fab) (width 0.1))
    (fp_line (start 0 0) (end 0.66 0) (layer F.Fab) (width 0.1))
    (fp_line (start 6.96 -1.25) (end 0.66 -1.25) (layer F.Fab) (width 0.1))
    (fp_line (start 6.96 1.25) (end 6.96 -1.25) (layer F.Fab) (width 0.1))
    (fp_line (start 0.66 1.25) (end 6.96 1.25) (layer F.Fab) (width 0.1))
    (fp_line (start 0.66 -1.25) (end 0.66 1.25) (layer F.Fab) (width 0.1))
    (pad 2 thru_hole oval (at 7.62 0 180) (size 1.6 1.6) (drill 0.8) (layers *.Cu *.Mask)
      (net 11 "Net-(J1-Pad6)"))
    (pad 1 thru_hole circle (at 0 0 180) (size 1.6 1.6) (drill 0.8) (layers *.Cu *.Mask)
      (net 2 "Net-(D2-Pad1)"))
    (model ${KISYS3DMOD}/Resistor_THT.3dshapes/R_Axial_DIN0207_L6.3mm_D2.5mm_P7.62mm_Horizontal.wrl
      (at (xyz 0 0 0))
      (scale (xyz 1 1 1))
      (rotate (xyz 0 0 0))
    )
  )

  (module Resistor_THT:R_Axial_DIN0207_L6.3mm_D2.5mm_P7.62mm_Horizontal (layer F.Cu) (tedit 5F64F0AB) (tstamp 5F62ECFB)
    (at 109.22 54.61 180)
    (descr "Resistor, Axial_DIN0207 series, Axial, Horizontal, pin pitch=7.62mm, 0.25W = 1/4W, length*diameter=6.3*2.5mm^2, http://cdn-reichelt.de/documents/datenblatt/B400/1_4W%23YAG.pdf")
    (tags "Resistor Axial_DIN0207 series Axial Horizontal pin pitch 7.62mm 0.25W = 1/4W length 6.3mm diameter 2.5mm")
    (path /5F565469)
    (fp_text reference R3 (at 3.81 0 180) (layer F.SilkS)
      (effects (font (size 1 1) (thickness 0.15)))
    )
    (fp_text value R (at 3.81 2.37 180) (layer F.Fab) hide
      (effects (font (size 1 1) (thickness 0.15)))
    )
    (fp_line (start 0.66 -1.25) (end 0.66 1.25) (layer F.Fab) (width 0.1))
    (fp_line (start 0.66 1.25) (end 6.96 1.25) (layer F.Fab) (width 0.1))
    (fp_line (start 6.96 1.25) (end 6.96 -1.25) (layer F.Fab) (width 0.1))
    (fp_line (start 6.96 -1.25) (end 0.66 -1.25) (layer F.Fab) (width 0.1))
    (fp_line (start 0 0) (end 0.66 0) (layer F.Fab) (width 0.1))
    (fp_line (start 7.62 0) (end 6.96 0) (layer F.Fab) (width 0.1))
    (fp_line (start 0.54 -1.04) (end 0.54 -1.37) (layer F.SilkS) (width 0.12))
    (fp_line (start 0.54 -1.37) (end 7.08 -1.37) (layer F.SilkS) (width 0.12))
    (fp_line (start 7.08 -1.37) (end 7.08 -1.04) (layer F.SilkS) (width 0.12))
    (fp_line (start 0.54 1.04) (end 0.54 1.37) (layer F.SilkS) (width 0.12))
    (fp_line (start 0.54 1.37) (end 7.08 1.37) (layer F.SilkS) (width 0.12))
    (fp_line (start 7.08 1.37) (end 7.08 1.04) (layer F.SilkS) (width 0.12))
    (fp_line (start -1.05 -1.5) (end -1.05 1.5) (layer F.CrtYd) (width 0.05))
    (fp_line (start -1.05 1.5) (end 8.67 1.5) (layer F.CrtYd) (width 0.05))
    (fp_line (start 8.67 1.5) (end 8.67 -1.5) (layer F.CrtYd) (width 0.05))
    (fp_line (start 8.67 -1.5) (end -1.05 -1.5) (layer F.CrtYd) (width 0.05))
    (fp_text user %R (at 3.81 0 180) (layer F.Fab) hide
      (effects (font (size 1 1) (thickness 0.15)))
    )
    (pad 1 thru_hole circle (at 0 0 180) (size 1.6 1.6) (drill 0.8) (layers *.Cu *.Mask)
      (net 3 "Net-(D3-Pad1)"))
    (pad 2 thru_hole oval (at 7.62 0 180) (size 1.6 1.6) (drill 0.8) (layers *.Cu *.Mask)
      (net 10 "Net-(J1-Pad5)"))
    (model ${KISYS3DMOD}/Resistor_THT.3dshapes/R_Axial_DIN0207_L6.3mm_D2.5mm_P7.62mm_Horizontal.wrl
      (at (xyz 0 0 0))
      (scale (xyz 1 1 1))
      (rotate (xyz 0 0 0))
    )
  )

  (module Resistor_THT:R_Axial_DIN0207_L6.3mm_D2.5mm_P7.62mm_Horizontal (layer F.Cu) (tedit 5F64F0CE) (tstamp 5F62ED12)
    (at 109.22 64.77 180)
    (descr "Resistor, Axial_DIN0207 series, Axial, Horizontal, pin pitch=7.62mm, 0.25W = 1/4W, length*diameter=6.3*2.5mm^2, http://cdn-reichelt.de/documents/datenblatt/B400/1_4W%23YAG.pdf")
    (tags "Resistor Axial_DIN0207 series Axial Horizontal pin pitch 7.62mm 0.25W = 1/4W length 6.3mm diameter 2.5mm")
    (path /5F56549F)
    (fp_text reference R4 (at 3.81 0 180) (layer F.SilkS)
      (effects (font (size 1 1) (thickness 0.15)))
    )
    (fp_text value R (at 3.81 2.37 180) (layer F.Fab) hide
      (effects (font (size 1 1) (thickness 0.15)))
    )
    (fp_text user %R (at 3.81 0 180) (layer F.Fab) hide
      (effects (font (size 1 1) (thickness 0.15)))
    )
    (fp_line (start 8.67 -1.5) (end -1.05 -1.5) (layer F.CrtYd) (width 0.05))
    (fp_line (start 8.67 1.5) (end 8.67 -1.5) (layer F.CrtYd) (width 0.05))
    (fp_line (start -1.05 1.5) (end 8.67 1.5) (layer F.CrtYd) (width 0.05))
    (fp_line (start -1.05 -1.5) (end -1.05 1.5) (layer F.CrtYd) (width 0.05))
    (fp_line (start 7.08 1.37) (end 7.08 1.04) (layer F.SilkS) (width 0.12))
    (fp_line (start 0.54 1.37) (end 7.08 1.37) (layer F.SilkS) (width 0.12))
    (fp_line (start 0.54 1.04) (end 0.54 1.37) (layer F.SilkS) (width 0.12))
    (fp_line (start 7.08 -1.37) (end 7.08 -1.04) (layer F.SilkS) (width 0.12))
    (fp_line (start 0.54 -1.37) (end 7.08 -1.37) (layer F.SilkS) (width 0.12))
    (fp_line (start 0.54 -1.04) (end 0.54 -1.37) (layer F.SilkS) (width 0.12))
    (fp_line (start 7.62 0) (end 6.96 0) (layer F.Fab) (width 0.1))
    (fp_line (start 0 0) (end 0.66 0) (layer F.Fab) (width 0.1))
    (fp_line (start 6.96 -1.25) (end 0.66 -1.25) (layer F.Fab) (width 0.1))
    (fp_line (start 6.96 1.25) (end 6.96 -1.25) (layer F.Fab) (width 0.1))
    (fp_line (start 0.66 1.25) (end 6.96 1.25) (layer F.Fab) (width 0.1))
    (fp_line (start 0.66 -1.25) (end 0.66 1.25) (layer F.Fab) (width 0.1))
    (pad 2 thru_hole oval (at 7.62 0 180) (size 1.6 1.6) (drill 0.8) (layers *.Cu *.Mask)
      (net 9 "Net-(J1-Pad4)"))
    (pad 1 thru_hole circle (at 0 0 180) (size 1.6 1.6) (drill 0.8) (layers *.Cu *.Mask)
      (net 4 "Net-(D4-Pad1)"))
    (model ${KISYS3DMOD}/Resistor_THT.3dshapes/R_Axial_DIN0207_L6.3mm_D2.5mm_P7.62mm_Horizontal.wrl
      (at (xyz 0 0 0))
      (scale (xyz 1 1 1))
      (rotate (xyz 0 0 0))
    )
  )

  (module Resistor_THT:R_Axial_DIN0207_L6.3mm_D2.5mm_P7.62mm_Horizontal (layer F.Cu) (tedit 5F64F0D1) (tstamp 5F62ED29)
    (at 109.22 69.215 180)
    (descr "Resistor, Axial_DIN0207 series, Axial, Horizontal, pin pitch=7.62mm, 0.25W = 1/4W, length*diameter=6.3*2.5mm^2, http://cdn-reichelt.de/documents/datenblatt/B400/1_4W%23YAG.pdf")
    (tags "Resistor Axial_DIN0207 series Axial Horizontal pin pitch 7.62mm 0.25W = 1/4W length 6.3mm diameter 2.5mm")
    (path /5F5654D9)
    (fp_text reference R5 (at 3.81 0 180) (layer F.SilkS)
      (effects (font (size 1 1) (thickness 0.15)))
    )
    (fp_text value R (at 3.81 2.37 180) (layer F.Fab) hide
      (effects (font (size 1 1) (thickness 0.15)))
    )
    (fp_line (start 0.66 -1.25) (end 0.66 1.25) (layer F.Fab) (width 0.1))
    (fp_line (start 0.66 1.25) (end 6.96 1.25) (layer F.Fab) (width 0.1))
    (fp_line (start 6.96 1.25) (end 6.96 -1.25) (layer F.Fab) (width 0.1))
    (fp_line (start 6.96 -1.25) (end 0.66 -1.25) (layer F.Fab) (width 0.1))
    (fp_line (start 0 0) (end 0.66 0) (layer F.Fab) (width 0.1))
    (fp_line (start 7.62 0) (end 6.96 0) (layer F.Fab) (width 0.1))
    (fp_line (start 0.54 -1.04) (end 0.54 -1.37) (layer F.SilkS) (width 0.12))
    (fp_line (start 0.54 -1.37) (end 7.08 -1.37) (layer F.SilkS) (width 0.12))
    (fp_line (start 7.08 -1.37) (end 7.08 -1.04) (layer F.SilkS) (width 0.12))
    (fp_line (start 0.54 1.04) (end 0.54 1.37) (layer F.SilkS) (width 0.12))
    (fp_line (start 0.54 1.37) (end 7.08 1.37) (layer F.SilkS) (width 0.12))
    (fp_line (start 7.08 1.37) (end 7.08 1.04) (layer F.SilkS) (width 0.12))
    (fp_line (start -1.05 -1.5) (end -1.05 1.5) (layer F.CrtYd) (width 0.05))
    (fp_line (start -1.05 1.5) (end 8.67 1.5) (layer F.CrtYd) (width 0.05))
    (fp_line (start 8.67 1.5) (end 8.67 -1.5) (layer F.CrtYd) (width 0.05))
    (fp_line (start 8.67 -1.5) (end -1.05 -1.5) (layer F.CrtYd) (width 0.05))
    (fp_text user %R (at 3.81 0 180) (layer F.Fab) hide
      (effects (font (size 1 1) (thickness 0.15)))
    )
    (pad 1 thru_hole circle (at 0 0 180) (size 1.6 1.6) (drill 0.8) (layers *.Cu *.Mask)
      (net 5 "Net-(D5-Pad1)"))
    (pad 2 thru_hole oval (at 7.62 0 180) (size 1.6 1.6) (drill 0.8) (layers *.Cu *.Mask)
      (net 8 "Net-(J1-Pad3)"))
    (model ${KISYS3DMOD}/Resistor_THT.3dshapes/R_Axial_DIN0207_L6.3mm_D2.5mm_P7.62mm_Horizontal.wrl
      (at (xyz 0 0 0))
      (scale (xyz 1 1 1))
      (rotate (xyz 0 0 0))
    )
  )

  (module Resistor_THT:R_Axial_DIN0207_L6.3mm_D2.5mm_P7.62mm_Horizontal (layer F.Cu) (tedit 5F64F0D5) (tstamp 5F62ED40)
    (at 109.22 73.66 180)
    (descr "Resistor, Axial_DIN0207 series, Axial, Horizontal, pin pitch=7.62mm, 0.25W = 1/4W, length*diameter=6.3*2.5mm^2, http://cdn-reichelt.de/documents/datenblatt/B400/1_4W%23YAG.pdf")
    (tags "Resistor Axial_DIN0207 series Axial Horizontal pin pitch 7.62mm 0.25W = 1/4W length 6.3mm diameter 2.5mm")
    (path /5F565521)
    (fp_text reference R6 (at 3.81 0 180) (layer F.SilkS)
      (effects (font (size 1 1) (thickness 0.15)))
    )
    (fp_text value R (at 3.81 2.37 180) (layer F.Fab) hide
      (effects (font (size 1 1) (thickness 0.15)))
    )
    (fp_text user %R (at 3.81 0 180) (layer F.Fab) hide
      (effects (font (size 1 1) (thickness 0.15)))
    )
    (fp_line (start 8.67 -1.5) (end -1.05 -1.5) (layer F.CrtYd) (width 0.05))
    (fp_line (start 8.67 1.5) (end 8.67 -1.5) (layer F.CrtYd) (width 0.05))
    (fp_line (start -1.05 1.5) (end 8.67 1.5) (layer F.CrtYd) (width 0.05))
    (fp_line (start -1.05 -1.5) (end -1.05 1.5) (layer F.CrtYd) (width 0.05))
    (fp_line (start 7.08 1.37) (end 7.08 1.04) (layer F.SilkS) (width 0.12))
    (fp_line (start 0.54 1.37) (end 7.08 1.37) (layer F.SilkS) (width 0.12))
    (fp_line (start 0.54 1.04) (end 0.54 1.37) (layer F.SilkS) (width 0.12))
    (fp_line (start 7.08 -1.37) (end 7.08 -1.04) (layer F.SilkS) (width 0.12))
    (fp_line (start 0.54 -1.37) (end 7.08 -1.37) (layer F.SilkS) (width 0.12))
    (fp_line (start 0.54 -1.04) (end 0.54 -1.37) (layer F.SilkS) (width 0.12))
    (fp_line (start 7.62 0) (end 6.96 0) (layer F.Fab) (width 0.1))
    (fp_line (start 0 0) (end 0.66 0) (layer F.Fab) (width 0.1))
    (fp_line (start 6.96 -1.25) (end 0.66 -1.25) (layer F.Fab) (width 0.1))
    (fp_line (start 6.96 1.25) (end 6.96 -1.25) (layer F.Fab) (width 0.1))
    (fp_line (start 0.66 1.25) (end 6.96 1.25) (layer F.Fab) (width 0.1))
    (fp_line (start 0.66 -1.25) (end 0.66 1.25) (layer F.Fab) (width 0.1))
    (pad 2 thru_hole oval (at 7.62 0 180) (size 1.6 1.6) (drill 0.8) (layers *.Cu *.Mask)
      (net 7 "Net-(J1-Pad2)"))
    (pad 1 thru_hole circle (at 0 0 180) (size 1.6 1.6) (drill 0.8) (layers *.Cu *.Mask)
      (net 6 "Net-(D6-Pad1)"))
    (model ${KISYS3DMOD}/Resistor_THT.3dshapes/R_Axial_DIN0207_L6.3mm_D2.5mm_P7.62mm_Horizontal.wrl
      (at (xyz 0 0 0))
      (scale (xyz 1 1 1))
      (rotate (xyz 0 0 0))
    )
  )

  (module LED_SMD:LED_1W_3W_R8 (layer F.Cu) (tedit 5F64F00B) (tstamp 5F717A54)
    (at 134.111999 66.548 154.2)
    (descr https://www.gme.cz/data/attachments/dsh.518-234.1.pdf)
    (tags "LED 1W 3W 5W")
    (path /5F64FF87)
    (attr smd)
    (fp_text reference D7 (at 0.134901 -5.848721 154.2) (layer F.SilkS)
      (effects (font (size 1 1) (thickness 0.15)))
    )
    (fp_text value LED (at 0 5.08 154.2) (layer F.Fab) hide
      (effects (font (size 1 1) (thickness 0.15)))
    )
    (fp_text user %R (at 0 -2.54 154.2) (layer F.Fab) hide
      (effects (font (size 1 1) (thickness 0.15)))
    )
    (fp_line (start -2.54 0) (end -1.27 0) (layer F.Fab) (width 0.1))
    (fp_line (start -1.27 -1.27) (end -1.27 1.27) (layer F.Fab) (width 0.1))
    (fp_line (start 1.27 0) (end 2.54 0) (layer F.Fab) (width 0.1))
    (fp_line (start 1.27 1.27) (end 1.27 0) (layer F.Fab) (width 0.1))
    (fp_line (start -1.27 0) (end 1.27 1.27) (layer F.Fab) (width 0.1))
    (fp_line (start 1.27 -1.27) (end 1.27 1.27) (layer F.Fab) (width 0.1))
    (fp_line (start -1.27 0) (end 1.27 -1.27) (layer F.Fab) (width 0.1))
    (fp_arc (start 0 0) (end 4.59 0.45) (angle 131.3332206) (layer F.CrtYd) (width 0.05))
    (fp_arc (start 0 0) (end -4.59 -0.45) (angle 131.3332206) (layer F.CrtYd) (width 0.05))
    (fp_line (start 8.55 0.45) (end 4.59 0.45) (layer F.CrtYd) (width 0.05))
    (fp_line (start 8.55 -3.15) (end 8.55 0.45) (layer F.CrtYd) (width 0.05))
    (fp_line (start 3.37 -3.15) (end 8.55 -3.15) (layer F.CrtYd) (width 0.05))
    (fp_line (start -8.55 3.15) (end -3.37 3.15) (layer F.CrtYd) (width 0.05))
    (fp_line (start -8.55 -0.45) (end -8.55 3.15) (layer F.CrtYd) (width 0.05))
    (fp_line (start -4.59 -0.45) (end -8.55 -0.45) (layer F.CrtYd) (width 0.05))
    (fp_line (start -8.255 2.794) (end -3.429 2.794) (layer F.SilkS) (width 0.12))
    (fp_line (start -8.255 -0.127) (end -8.255 2.794) (layer F.SilkS) (width 0.12))
    (fp_line (start -4.445 -0.127) (end -8.255 -0.127) (layer F.SilkS) (width 0.12))
